
# Color blind palette
cbpalette <- c("#0072B2", "#D55E00", "#009E73", "#CC79A7", "#56B4E9", "#999999", "#F0E442", "#000000")


MoMAPalettes <- list(
  Alkalay1 = list(c("#241d1d", "#5b2125", "#8d3431", "#bf542e", "#e9a800"), c(5, 1, 4, 3, 2), colorblind=TRUE),
  Alkalay2 = list(c("#ebcf2e", "#b4bf3a", "#88ab38", "#5e9432", "#3b7d31", "#225f2f", "#244422" , "#252916"), c(1:9), colorblind=TRUE),
  Althoff = list(c("#ff9898", "#d9636c", "#a91e45", "#691238", "#251714"), c(2, 4, 1, 3, 5), colorblind=TRUE),
  Andri = list(c("#f56455", "#15134b", "#87c785", "#572f30"), c(1:4), colorblind=TRUE),
  Connors = list(c("#d92a05", "#f35d36", "#fc9073", "#ffba1b", "#60cfa1"), c(5, 1, 4, 3, 2), colorblind=TRUE),
  Doughton = list(c("#155b51", "#216f63", "#2d8277", "#3a9387", "#45a395", "#c468b2","#af509c", "#803777", "#5d2155", "#45113f"), c(9, 3, 7, 1, 5, 6, 2, 8, 4, 10), colorblind = TRUE),
  Ernst = list(c("#e8e79a", "#c2d89a", "#8cbf9a", "#5fa2a4", "#477b95", "#315b88", "#24396b", "#191f40"), c(4, 2, 6, 1, 3, 8, 5, 7), colorblind=TRUE),
  Exter = list(c("#ffec9d", "#fac881", "#f4a464", "#e87444", "#d9402a", "#bf2729", "#912534", "#64243e", "#3d1b28", "#161212"), c(4, 9, 2, 5, 7, 1, 6, 3, 8, 10), colorblind=TRUE),
  Flash = list(c("#e3c0db", "#db95cb", "#cd64b5", "#B83D9F", "#900c7e", "#680369", "#41045a", "#140e3a"), c(4, 6, 1, 7, 2, 5, 3, 8), colorblind=TRUE),
  Fritsch = list(c("#0f8d7b", "#8942bd", "#1e1a1a", "#eadd17"), c(1, 3, 4, 2), colorblind=TRUE),
  Kippenberger = list(c("#8b174d", "#ae2565", "#c1447e", "#d06c9b", "#da9fb8", "#d9d2cc","#adbe7c", "#8ba749", "#6e8537", "#4f5f28", "#343d1f"), c(10, 6, 1, 8, 4, 3, 5, 9, 2, 7, 11), colorblind = TRUE),
  Koons = list(c("#d8537d", "#6DC5B2", "#eeca76", "#5d2314", "#b5282a"), c(1, 2, 3, 5, 4), colorblind=TRUE),
  Levine2  = list(c("#E3C1CB", "#AD5A6B", "#C993A2", "#365C83", "#384351", "#4D8F8B", "#CDD6AD"), c(7, 1, 5, 3, 6, 2, 4), colorblind = TRUE),
  Ohchi = list(c("#582851", "#40606d", "#69a257", "#e3d19c", "#c4024d"), c(3, 4, 1, 2, 5), colorblind = TRUE),
  OKeeffe = list(c("#f3d567", "#ee9b43", "#e74b47", "#b80422", "#172767", "#19798b"), c(1:6), colorblind=TRUE),
  Palermo = list(c("#1b80ad", "#ea5b57", "#9c5555", "#0c3c5f"), c(1:4), colorblind=TRUE),
  Picabia = list(c("#53362e", "#744940", "#9f7064", "#c99582", "#e6bcac", "#e2d8d6", "#a5a6ae","#858794", "#666879", "#515260", "#3d3d47"), c(10, 4, 8, 1, 6, 3, 7, 2, 9, 5, 11), colorblind = TRUE),
  Picasso = list(c("#d5968c", "#c2676d", "#5c363a", "#995041", "#45939c", "#0f6a81"), c(6, 3, 4, 2, 1, 5), colorblind=TRUE),
  Rattner = list(c("#de8e69", "#f1be99", "#c1bd38", "#7a9132",  "#4c849a", "#184363",  "#5d5686", "#a39fc9"), c(1, 5, 6, 2, 3, 7, 8, 4), colorblind = TRUE),
  Sidhu = list(c("#af4646", "#762b35", "#005187", "#251c4a", "#78adb7", "#4c9a77", "#1b7975"), c(5, 2, 6, 7, 3, 4, 1), colorblind = TRUE),
  Smith = list(c("#ef7923", "#75bca9", "#7b89bb", "#e9de97", "#2a2e38"), c(1:5), colorblind=TRUE),
  ustwo = list(c("#d7433b", "#f06a63", "#ff8e5e", "#ffcc3d", "#95caa6", "#008d98"), c(6, 5, 2, 3, 1, 4), colorblind=TRUE),
  VanGogh = list(c("#c3a016", "#c3d878", "#58a787", "#8ebacd", "#246893", "#163274", "#0C1F4b"), c(2, 4, 3, 6, 1, 5, 7), colorblind=TRUE),
  vonHeyl = list(c("#f96149", "#ffa479", "#e7d800", "#94aec2", "#0d0c0b"), c(1, 4, 2, 3, 5), colorblind=TRUE)
)

